100
100
2 5 3 25 1 16 12 1 2 11 5 2 1 3 1 0 0 3 7 0 3 9 12 1 0 2 1 9 0 2 0 1 0 1 4 11 13 3 2 2 7 2 2 7 0 3 18 3 18 27 0 2 9 0 3 1 2 0 8 2 0 3 3 2 2 5 1 13 5 2 3 5 7 19 0 3 10 2 10 0 8 0 17 0 29 0 2 1 7 13 5 1 8 2 2 3 4 10 1 1 
1 1 6 3 2 1 0 1 1 2 3 3 2 0 18 1 2 3 3 1 1 1 1 3 0 3 0 2 0 0 2 1 0 0 2 1 0 2 1 0 1 1 1 1 1 2 3 2 1 1 0 0 1 0 3 1 0 1 0 0 0 1 0 1 2 0 1 1 1 0 1 2 1 2 1 1 2 0 0 1 1 0 0 0 2 0 3 1 1 0 0 1 2 1 0 2 2 2 2 0 
4 5 2 8 1 1 1 0 2 2 0 3 6 1 2 0 1 0 1 1 0 3 1 2 1 1 0 7 1 0 3 1 7 1 1 0 0 0 0 0 3 0 1 0 0 5 17 3 2 3 0 0 2 0 1 2 0 1 0 0 0 0 1 1 0 0 0 2 2 0 1 1 0 2 0 1 3 0 1 3 3 0 0 1 13 1 2 1 0 0 0 0 3 2 0 0 8 13 2 0 
3 3 2 3 2 0 4 14 1 1 0 3 1 1 1 2 0 0 3 12 3 1 1 1 0 1 0 0 1 0 0 1 2 0 1 2 2 1 4 0 0 0 3 0 1 12 1 4 1 2 0 0 3 6 1 2 8 1 0 2 0 0 0 1 0 0 1 3 7 0 1 4 5 1 3 1 1 1 10 5 2 0 0 10 0 1 2 1 0 1 2 1 1 2 0 2 6 1 1 1 
1 1 4 0 3 16 0 0 1 2 5 1 2 1 2 7 4 1 1 1 4 3 3 3 3 1 2 2 1 1 2 7 0 0 4 1 12 1 1 1 5 0 1 2 0 1 2 2 1 4 11 0 3 0 2 1 1 1 4 0 1 9 5 1 9 1 2 4 0 1 1 1 1 2 0 3 1 3 1 0 2 0 2 0 0 0 3 5 1 0 0 1 3 4 2 1 3 5 2 2 
5 4 2 1 1 0 1 0 2 2 0 2 0 11 2 0 0 0 1 1 3 1 3 1 1 3 0 0 0 0 1 2 0 2 2 4 0 3 1 1 0 0 3 1 0 3 10 2 2 1 0 1 3 0 1 3 0 0 0 1 1 1 0 2 1 0 0 0 2 0 3 3 0 2 0 2 2 1 1 6 1 0 0 0 0 0 2 2 1 0 0 5 5 1 0 3 0 7 1 0 
2 2 3 1 3 0 1 1 2 2 1 2 1 5 2 1 1 4 6 0 2 0 6 2 0 7 1 0 2 1 0 2 0 0 2 5 0 3 2 2 6 0 4 1 0 4 3 2 5 0 1 0 2 0 2 2 4 0 1 2 1 1 1 5 1 1 0 0 1 1 7 2 3 6 4 3 6 2 1 2 2 0 7 1 3 0 6 2 2 6 1 2 2 2 0 3 0 2 2 1 
1 0 1 5 0 3 2 2 0 1 0 2 0 0 0 0 3 1 2 0 3 2 1 1 3 1 0 1 3 1 2 1 1 1 1 2 0 1 4 1 1 3 0 3 0 1 2 0 2 0 2 3 1 2 1 0 0 3 3 6 0 0 1 2 0 2 1 2 2 1 0 0 0 1 1 0 1 1 2 1 2 2 2 2 0 2 1 0 3 0 2 3 0 1 2 0 2 0 1 1 
3 7 2 2 2 0 11 7 1 2 0 4 2 2 1 0 0 0 1 5 1 1 4 1 0 2 1 3 0 0 0 1 0 0 1 1 0 1 11 0 0 0 1 0 0 2 1 2 1 0 1 0 3 0 1 1 27 0 0 1 0 0 2 2 0 0 1 0 11 0 2 4 1 1 9 1 1 0 4 4 3 0 1 4 0 1 2 1 0 4 0 1 2 2 0 3 2 2 1 1 
2 5 2 3 2 1 6 1 2 2 0 8 2 2 2 0 0 0 4 0 2 0 2 2 0 2 2 2 0 0 0 2 0 0 2 2 0 2 2 0 6 0 2 0 0 3 4 5 2 1 0 0 2 0 2 2 4 0 0 0 0 1 1 3 1 0 1 0 5 0 7 6 1 2 3 2 2 0 4 0 2 0 2 1 0 2 3 2 0 2 0 2 5 2 0 2 1 2 2 0 
0 2 1 3 1 1 2 5 2 3 0 6 0 0 1 0 0 0 0 2 1 0 0 1 1 5 0 0 1 0 0 2 0 1 2 1 0 3 1 0 0 0 0 0 1 2 2 4 2 4 0 0 1 2 1 2 1 0 0 0 0 1 0 1 1 0 0 1 0 0 0 1 1 2 0 1 2 0 0 0 2 0 0 1 0 0 2 1 0 0 0 1 1 1 0 2 2 1 1 1 
1 1 1 0 1 4 2 2 9 1 0 1 0 0 1 0 0 0 1 0 1 1 3 1 9 1 7 0 1 0 0 2 0 3 1 3 0 1 1 0 0 0 1 0 1 1 1 2 1 0 1 1 1 0 1 1 0 6 0 0 1 0 0 1 0 0 1 0 3 0 1 1 0 1 0 1 1 0 0 1 1 0 1 1 0 0 1 1 0 0 0 1 1 1 1 1 1 1 1 4 
4 4 1 0 1 0 0 0 1 1 0 1 0 0 1 0 0 0 0 2 3 0 1 1 0 1 0 0 1 0 0 1 1 0 2 2 0 1 0 0 0 0 4 0 0 3 1 1 1 0 0 0 3 10 1 2 4 1 0 0 0 0 1 1 0 0 0 1 1 0 2 1 2 1 4 1 1 0 0 0 1 0 0 0 0 0 1 1 0 0 0 1 1 1 0 1 1 1 1 0 
13 4 2 4 5 1 1 1 2 1 5 0 3 0 1 2 1 1 2 1 0 5 0 3 0 2 0 1 1 0 1 0 8 1 1 2 3 3 0 1 0 5 1 1 1 1 1 3 0 2 8 0 1 8 0 4 0 4 4 5 0 1 0 1 1 0 4 1 6 0 0 0 1 0 0 0 0 13 3 0 0 0 4 1 0 3 0 1 1 0 1 1 3 4 4 0 3 0 0 2 
0 0 0 4 0 5 1 3 0 3 2 1 2 0 0 0 1 0 1 3 0 2 5 0 0 0 1 7 3 2 0 0 0 1 1 5 3 1 0 0 5 2 0 3 0 2 3 2 1 1 0 0 3 1 0 0 1 0 5 0 0 1 1 0 1 0 0 3 1 1 1 0 4 1 0 0 7 2 0 0 0 0 20 1 0 1 2 0 2 8 2 0 2 0 1 0 3 2 0 0 
3 6 2 1 2 0 0 1 2 2 0 2 1 1 2 1 0 0 0 0 2 0 2 2 0 3 1 1 0 0 0 2 0 0 2 2 0 2 1 0 1 0 2 0 8 2 2 4 3 0 0 0 2 0 2 3 0 0 0 0 0 0 0 8 0 0 0 0 5 0 3 2 0 2 7 2 2 0 0 11 2 0 2 1 1 4 2 2 0 0 1 2 2 2 0 2 0 2 2 0 
6 4 0 7 0 5 2 6 1 1 0 3 0 4 0 0 4 0 2 7 0 3 1 0 1 0 2 0 11 0 0 0 5 1 1 0 1 0 3 0 1 1 0 0 7 5 1 3 0 7 1 0 0 1 0 1 2 7 0 1 0 2 0 0 2 0 0 1 0 0 1 0 2 0 3 0 0 0 0 2 1 0 0 1 2 0 0 0 1 0 0 0 0 0 0 0 0 1 0 0 
2 2 2 1 2 0 1 0 2 2 0 2 0 5 2 0 0 0 1 0 2 0 2 2 0 2 0 0 1 0 0 2 0 0 1 2 0 2 0 0 1 0 2 0 0 2 1 2 2 0 0 0 2 0 2 2 0 2 0 0 1 0 0 2 0 0 0 1 0 3 2 2 0 2 1 2 2 0 0 10 2 0 0 1 1 0 2 2 0 0 0 3 2 2 0 2 0 3 2 0 
4 4 1 2 0 1 0 5 1 0 1 1 1 3 0 0 1 0 0 0 0 0 1 0 0 0 1 1 1 1 0 0 0 1 1 0 0 0 2 1 0 0 2 0 0 0 0 2 0 0 0 0 0 2 1 1 4 0 0 0 1 2 1 0 2 0 0 1 0 0 1 1 0 0 13 0 0 0 1 4 0 1 1 3 0 0 2 0 1 2 0 0 1 0 2 0 4 0 1 0 
0 0 10 3 0 12 1 0 5 3 6 0 2 1 4 1 3 9 0 1 4 2 0 5 1 0 1 0 0 2 1 3 0 1 8 3 12 0 0 9 3 0 0 4 0 0 2 1 0 4 7 0 8 0 1 0 1 0 5 0 2 10 6 0 10 3 0 1 1 0 0 0 0 0 0 0 0 2 0 1 3 0 29 0 0 0 4 4 1 1 0 0 3 1 0 0 0 2 1 0 
0 1 2 4 0 1 1 2 2 0 0 1 0 1 0 1 0 0 0 0 0 0 0 0 0 0 0 0 1 2 0 0 0 0 0 1 3 0 0 0 0 0 0 0 1 0 0 1 0 0 0 0 0 1 0 0 0 0 0 0 0 0 1 1 0 0 0 0 0 0 0 0 0 0 0 0 0 0 0 2 0 0 1 1 0 1 0 0 0 1 0 0 0 0 0 1 0 0 0 1 
0 6 0 3 0 2 2 0 0 0 0 10 2 17 3 0 0 0 5 0 0 0 0 0 0 3 2 0 0 0 0 1 0 0 0 0 1 0 2 0 1 0 0 0 6 0 2 3 0 6 0 0 0 0 0 0 5 1 0 0 0 0 0 2 0 0 0 2 1 0 3 3 0 0 3 0 0 0 11 10 0 0 0 1 1 0 1 0 0 4 2 0 4 1 0 0 0 1 0 0 
3 0 0 4 0 3 0 1 1 0 0 2 5 2 1 0 0 0 1 2 0 1 0 0 1 1 0 2 2 0 0 0 3 1 0 0 0 0 0 0 2 0 4 0 0 3 2 1 0 1 1 1 0 0 0 0 5 1 0 0 0 0 2 0 0 0 1 4 0 0 0 0 1 0 6 0 0 0 0 0 0 0 1 0 0 8 0 0 0 0 0 0 0 0 0 0 0 0 0 0 
0 1 0 6 0 0 2 0 1 0 4 0 0 1 0 0 2 3 5 1 1 2 1 0 0 9 0 0 0 1 3 0 0 1 2 1 2 0 1 1 10 0 0 1 0 0 0 0 2 2 1 1 0 1 2 0 0 0 8 1 2 1 0 0 0 4 0 3 1 3 0 0 1 1 0 3 1 1 1 0 2 0 1 0 0 0 0 0 5 2 3 0 3 1 6 0 0 0 0 0 
1 1 2 3 1 2 0 2 0 1 0 1 4 0 0 0 2 0 2 2 7 0 3 0 2 1 0 1 2 2 0 1 0 3 0 2 1 2 2 3 0 1 1 1 1 6 0 2 0 1 1 0 1 1 0 4 0 8 0 0 0 0 1 1 0 3 2 1 0 1 2 2 3 0 1 1 0 1 3 0 0 0 1 4 0 0 0 1 0 0 0 0 2 1 0 2 0 1 1 1 
2 4 1 7 0 0 1 2 1 1 0 8 3 1 0 0 0 0 2 0 3 0 2 0 0 2 2 0 0 0 0 1 0 0 1 3 4 3 0 0 0 0 3 0 1 1 5 2 2 4 0 0 2 1 0 2 0 0 0 2 0 1 0 0 1 0 0 2 0 0 7 4 1 2 0 0 3 0 0 2 0 0 0 0 0 3 4 0 0 2 0 3 4 0 0 4 0 1 0 0 
0 0 0 0 2 0 5 1 2 0 0 0 1 0 1 0 2 1 6 0 0 0 0 0 4 1 0 10 0 0 0 0 0 1 0 1 1 0 0 1 5 0 0 0 6 1 0 1 1 0 0 0 1 0 0 0 0 0 2 0 2 0 2 0 0 0 0 0 0 0 0 0 1 1 0 0 0 0 0 2 0 0 0 1 1 1 0 0 1 0 0 1 1 0 0 0 0 0 0 0 
0 7 1 1 0 1 0 0 1 1 0 0 0 22 0 0 0 0 0 0 0 0 1 0 0 0 0 1 1 0 0 1 1 0 0 0 0 0 0 0 1 1 0 0 3 1 5 1 1 0 0 0 0 1 0 0 4 0 0 0 0 0 0 1 0 0 0 0 0 0 1 0 0 1 9 0 0 0 0 15 0 0 0 0 0 0 1 0 1 0 0 0 1 0 0 0 1 0 2 0 
0 2 2 14 2 1 0 3 0 0 0 1 1 1 0 2 0 0 0 1 2 1 2 0 0 0 1 2 0 0 3 0 2 1 2 0 2 0 0 3 0 0 0 1 0 0 0 1 0 3 0 4 1 0 0 0 1 0 4 0 1 0 0 2 0 1 0 2 0 0 1 11 0 1 0 0 0 0 13 3 0 0 8 1 1 9 0 1 2 0 1 0 0 1 0 6 6 1 0 0 
0 0 0 1 0 3 0 3 0 0 1 2 1 2 0 8 0 0 0 2 2 0 1 0 2 0 7 0 0 0 0 1 0 0 0 0 1 0 0 3 3 0 0 2 1 1 1 0 3 0 0 0 1 0 0 2 0 0 2 1 0 0 0 2 0 0 0 0 0 1 0 0 0 3 1 2 0 1 2 0 0 1 0 5 4 0 0 0 2 1 4 0 2 0 5 0 0 0 0 0 
0 0 0 5 0 4 3 1 0 0 0 0 0 0 0 0 0 0 1 1 0 3 0 0 2 1 0 2 0 0 0 1 0 1 0 5 0 0 0 0 1 0 0 0 0 0 2 0 6 5 0 1 1 0 1 0 0 0 1 0 0 3 0 0 2 1 1 2 4 0 0 0 2 4 0 1 2 0 1 0 0 0 1 0 5 0 0 0 0 3 0 0 1 0 0 2 0 8 0 0 
1 2 0 1 0 0 0 25 0 0 0 3 1 2 0 0 0 0 1 12 0 0 7 0 0 0 0 0 0 1 0 0 1 1 0 0 0 0 6 1 0 0 0 0 1 4 0 0 0 0 0 0 0 2 0 0 1 1 0 1 0 1 1 2 1 0 2 5 11 0 2 2 0 0 1 0 0 0 8 0 0 0 0 23 0 0 1 0 0 3 1 0 2 0 0 0 4 0 0 2 
0 0 0 0 0 0 0 0 2 0 0 1 0 1 0 0 2 1 0 0 0 0 0 0 0 0 0 1 0 0 0 0 0 0 1 1 0 0 0 0 0 0 0 0 1 0 2 0 0 0 0 1 0 0 0 0 0 0 0 0 0 0 0 0 0 1 0 0 0 0 0 0 0 0 0 0 0 0 0 1 0 0 0 0 0 0 0 0 0 0 0 1 0 0 1 0 0 0 0 0 
0 0 0 1 0 0 1 5 2 2 0 6 2 0 0 0 0 0 2 0 0 0 0 0 0 0 0 0 0 2 1 1 0 0 1 0 1 0 1 0 0 1 0 0 0 0 5 1 1 11 0 1 1 0 0 0 0 1 0 3 0 0 0 0 0 1 0 2 1 0 0 0 2 1 0 0 1 0 3 1 0 0 0 0 0 0 0 0 0 1 0 0 2 0 0 2 0 1 0 0 
10 10 11 2 11 0 1 1 10 11 0 10 0 0 11 0 0 0 1 0 10 1 10 11 0 11 0 0 0 0 1 10 0 0 10 10 1 11 0 0 0 0 10 0 1 13 10 10 10 0 0 0 10 0 11 10 0 0 0 0 0 0 0 11 0 0 0 0 0 0 10 11 0 10 1 11 10 0 0 0 11 0 0 1 0 0 10 11 0 1 0 10 10 12 2 10 0 11 11 0 
1 1 2 1 1 0 0 0 0 0 1 0 2 4 3 0 0 0 0 0 0 0 1 3 0 1 1 2 0 0 3 0 0 1 0 0 0 0 0 0 0 0 1 0 0 1 4 0 0 0 0 0 1 0 2 1 0 0 0 0 0 0 0 1 0 0 0 0 0 1 1 1 0 0 0 1 1 0 0 6 2 0 0 0 0 0 0 1 0 0 0 0 0 2 0 0 0 2 2 0 
2 7 1 4 0 1 1 1 0 0 0 0 0 1 0 0 0 0 0 1 0 0 1 0 0 0 0 0 2 0 1 1 2 0 0 0 0 0 1 1 0 0 0 0 0 0 0 0 0 1 0 0 1 4 0 0 11 1 1 0 0 1 1 1 1 0 0 0 4 0 0 0 2 0 3 0 1 0 0 1 0 0 0 1 0 0 1 0 0 1 0 0 1 0 0 0 0 0 0 1 
0 0 0 3 0 4 3 2 0 1 0 0 0 1 0 1 4 0 0 2 0 4 0 1 4 0 2 3 0 0 2 1 0 2 0 0 0 1 1 1 0 0 1 0 0 0 1 0 1 0 1 1 0 2 0 1 0 0 0 5 3 3 0 0 3 0 0 0 0 2 4 1 1 1 0 0 0 5 0 0 0 2 2 1 0 0 1 0 2 3 1 0 1 0 2 3 0 0 0 1 
1 0 2 2 0 2 3 2 5 1 1 0 1 0 0 14 1 3 0 1 0 0 2 2 0 0 2 0 1 1 1 0 0 0 1 0 1 0 0 1 3 1 0 1 0 0 0 1 0 0 3 2 0 1 0 0 0 0 2 3 4 1 0 0 1 6 1 1 0 1 0 0 4 0 0 0 0 0 1 0 1 0 3 3 0 0 0 0 1 0 2 0 0 1 2 0 0 0 1 0 
1 3 1 0 1 0 0 0 1 1 0 1 0 5 1 0 0 2 0 0 1 0 1 1 0 1 0 0 0 0 0 1 0 0 1 1 0 1 0 0 0 0 1 0 0 1 1 1 1 0 0 0 1 0 1 1 2 0 0 0 0 0 1 1 0 1 0 0 1 0 1 1 0 1 2 1 1 0 0 0 1 0 2 1 0 0 1 1 0 0 0 1 1 1 0 1 1 1 1 1 
3 2 1 2 0 0 0 1 0 0 0 0 4 1 0 0 0 0 0 0 3 1 0 0 0 0 0 0 7 0 0 0 2 0 0 0 0 1 0 0 0 1 0 0 0 0 1 0 1 0 0 0 0 13 0 0 11 1 0 0 0 0 0 1 0 0 0 0 0 0 0 0 0 0 5 0 0 0 0 3 0 0 0 1 1 0 0 0 0 0 0 0 0 0 0 1 2 1 0 0 
0 1 0 0 0 0 3 0 0 0 0 2 0 3 0 0 0 0 0 0 0 0 0 0 0 0 2 0 1 0 0 0 0 0 0 0 0 0 0 0 1 0 0 0 0 0 0 2 0 0 0 1 2 0 0 0 7 0 0 0 0 0 0 2 0 0 1 0 0 0 3 0 0 0 6 0 0 0 9 2 0 0 0 0 3 0 7 0 0 3 0 0 1 0 0 0 0 0 0 0 
0 0 0 0 0 0 0 0 0 0 0 0 0 0 0 0 1 0 0 26 1 0 1 0 0 0 0 0 25 0 0 0 27 0 0 0 0 0 4 0 0 0 0 0 0 12 0 0 0 0 0 0 7 6 0 3 0 7 0 0 0 0 0 0 0 0 0 0 1 0 0 0 0 0 1 0 0 0 0 0 0 0 1 0 0 0 0 0 0 0 0 1 0 0 1 0 1 0 0 0 
0 1 0 0 0 0 0 0 0 0 0 0 0 0 0 0 0 0 0 0 0 0 1 0 0 0 0 1 0 0 0 0 1 0 0 0 2 0 0 0 0 0 0 0 0 0 0 0 0 0 0 0 0 0 0 0 0 0 0 0 0 0 0 0 0 0 0 0 3 0 0 0 0 0 0 1 1 0 0 2 0 0 0 0 0 2 0 0 0 0 0 0 0 0 0 0 0 0 0 0 
2 1 1 0 0 0 0 0 0 0 0 0 0 3 0 0 0 0 1 1 1 0 1 0 0 2 0 1 0 0 0 0 0 0 0 1 0 1 1 0 1 0 1 0 0 1 0 0 0 0 0 0 1 0 0 1 3 0 0 0 1 1 2 1 1 0 0 0 0 0 1 1 1 0 9 1 0 0 0 0 0 1 0 0 0 1 0 1 0 1 0 0 0 0 0 1 0 1 1 0 
1 1 1 2 0 5 2 2 0 2 0 2 1 0 0 0 1 0 0 2 0 0 0 0 1 0 3 4 1 0 1 0 1 1 0 0 1 1 1 1 3 0 0 1 0 0 0 2 3 0 1 2 0 0 0 0 1 0 1 2 4 0 2 0 0 1 1 2 1 1 0 0 1 0 1 1 0 0 0 0 0 0 1 4 4 0 2 0 2 0 0 0 0 0 0 2 0 0 1 0 
2 2 2 0 2 0 0 0 2 2 0 2 1 0 2 0 0 0 0 1 2 0 2 2 0 2 0 1 3 0 0 2 1 0 2 2 0 2 0 0 0 0 2 0 1 5 2 2 2 0 0 0 2 0 2 2 2 0 0 0 0 0 0 2 0 1 0 1 0 0 2 2 0 2 4 2 2 0 0 2 2 0 0 0 0 1 2 2 0 1 0 2 2 2 0 2 0 2 2 0 
0 1 0 1 0 0 1 0 0 1 0 0 1 0 0 2 0 2 0 0 2 2 0 2 0 0 2 2 0 1 0 0 0 2 0 0 2 0 0 2 0 0 0 1 0 2 0 0 0 1 0 1 0 0 1 0 0 0 0 2 1 2 0 0 2 0 0 0 3 0 0 0 1 0 0 0 0 0 2 0 0 0 3 0 1 0 0 0 0 1 0 0 0 1 0 2 0 0 0 0 
1 1 1 2 1 2 9 0 1 1 0 1 0 0 1 0 0 0 0 0 1 1 1 1 0 1 0 0 0 0 2 1 0 0 1 1 0 1 0 0 0 0 1 0 0 1 1 1 1 0 0 5 1 0 1 1 0 0 0 0 0 0 0 1 0 0 0 0 1 0 1 1 0 1 0 2 1 0 0 0 1 0 1 0 0 0 1 1 0 0 0 1 1 1 0 9 0 5 1 0 
2 1 0 1 0 0 0 2 0 0 0 0 3 0 0 0 0 0 0 2 0 0 0 0 0 0 0 0 1 0 0 0 0 0 0 0 0 2 1 0 0 0 0 0 1 2 0 2 0 0 0 0 0 5 0 0 1 0 0 0 0 0 3 1 0 0 0 0 3 0 0 0 4 0 1 0 0 0 1 1 0 0 0 1 0 0 0 0 0 0 0 0 0 0 0 1 2 0 0 1 
1 1 1 2 0 1 1 1 0 0 0 0 4 0 0 0 0 0 1 1 1 1 1 0 0 0 3 1 0 2 1 4 1 0 0 0 1 0 1 1 0 0 0 0 1 1 0 0 0 2 0 0 0 3 0 0 1 0 1 0 0 0 0 0 0 0 3 0 0 0 0 0 1 0 0 0 0 0 0 0 0 0 1 1 1 6 0 0 0 1 0 0 1 0 0 0 0 1 1 0 
2 2 1 0 1 0 0 0 1 1 0 1 0 3 1 0 0 0 0 0 1 0 1 1 0 1 0 0 0 0 0 1 0 0 1 1 0 2 0 0 0 0 1 0 0 1 1 1 1 0 0 0 1 0 1 1 0 0 0 0 0 0 0 1 0 0 0 0 0 0 1 1 0 1 0 1 1 0 0 7 1 0 0 0 0 2 1 1 0 0 0 1 1 1 0 1 0 1 1 0 
0 0 1 0 1 1 2 0 0 1 0 0 0 9 0 0 0 0 2 0 0 0 0 0 0 0 0 0 0 1 4 0 0 0 0 0 0 0 0 0 0 0 0 1 0 0 43 0 0 0 0 0 0 0 0 0 0 0 0 0 0 0 0 0 0 0 0 0 0 0 0 0 1 0 0 0 0 0 0 3 0 0 0 0 0 0 0 0 0 0 0 0 0 0 0 0 0 6 0 0 
1 2 1 1 1 0 1 6 1 1 0 6 0 0 1 0 0 0 0 0 1 0 1 1 0 1 0 0 0 0 0 1 0 0 1 1 0 1 0 0 0 0 1 0 0 1 1 2 2 0 0 0 1 0 1 2 0 1 0 2 0 0 0 1 0 0 0 0 0 0 1 1 0 2 0 1 1 0 0 0 1 0 0 2 0 0 2 1 0 0 0 1 2 1 0 1 0 1 1 0 
0 0 0 1 0 0 0 4 0 0 0 0 1 2 0 0 0 0 0 0 0 1 0 0 0 0 0 0 3 0 0 0 0 1 0 0 0 0 0 0 1 1 0 0 0 1 2 0 0 0 0 0 1 2 0 0 0 0 3 0 0 0 0 0 0 0 0 0 2 0 0 1 0 0 1 0 1 0 0 0 0 0 0 0 0 0 0 0 0 0 0 0 0 0 0 2 5 0 0 0 
0 0 1 1 0 6 1 0 0 2 0 0 0 0 0 0 0 0 0 0 1 0 2 0 2 0 0 0 0 0 0 0 0 1 0 0 4 1 0 0 0 0 0 1 0 1 3 0 1 1 0 1 0 0 1 0 0 0 1 0 0 1 0 0 1 0 1 0 1 1 0 1 0 0 1 0 1 1 3 0 0 0 1 2 0 2 0 0 1 1 1 0 1 0 0 1 0 0 0 0 
25 0 0 0 0 0 0 0 0 0 0 0 0 0 0 0 0 0 0 0 0 0 0 0 0 0 0 0 1 0 3 0 9 0 0 0 0 0 0 0 0 0 0 0 0 1 0 0 0 0 0 0 0 0 0 1 0 0 0 0 0 0 0 1 0 0 0 0 0 0 0 0 0 0 0 0 0 0 0 0 0 0 0 0 0 1 0 0 0 0 0 0 0 0 0 0 4 0 0 0 
0 3 0 1 0 1 4 0 0 0 0 2 0 3 0 0 0 0 0 0 0 1 0 3 1 0 0 2 0 0 0 1 0 0 0 0 0 0 1 3 0 0 1 0 1 0 0 0 1 0 0 0 1 1 0 0 0 2 0 0 1 1 0 0 1 1 0 0 0 0 0 2 1 0 0 0 0 0 0 3 0 0 0 6 0 0 3 0 0 0 0 0 0 0 0 0 1 1 0 2 
1 1 1 2 1 0 1 0 1 1 0 1 0 0 1 0 0 0 1 0 1 0 1 1 0 1 0 0 0 0 0 1 1 0 1 1 2 1 0 0 0 0 1 0 0 1 1 2 1 0 1 0 1 1 1 1 0 0 0 1 0 0 0 1 0 0 0 0 0 0 2 2 1 1 0 1 1 0 0 0 1 0 0 0 0 1 1 1 0 0 0 1 1 1 0 1 0 1 1 0 
1 1 1 0 1 0 0 1 1 1 0 1 0 0 1 0 0 0 1 0 1 1 1 1 0 1 0 0 1 0 0 1 3 0 1 1 0 1 0 0 0 1 1 0 2 1 1 1 1 0 0 0 1 0 1 1 0 1 0 0 0 0 0 1 0 0 1 0 0 0 1 1 0 1 0 1 1 0 0 0 1 1 0 0 1 0 1 1 0 0 0 3 1 1 0 1 0 1 1 0 
0 0 0 2 0 2 1 0 0 0 2 0 0 0 0 1 2 3 4 0 0 0 4 0 0 5 0 0 1 0 0 0 0 0 0 3 0 0 1 0 4 1 1 1 0 2 1 0 1 0 1 1 0 0 0 0 0 0 1 6 1 1 0 1 1 1 0 0 0 1 0 0 3 4 0 1 4 2 2 0 0 0 6 0 3 0 2 0 2 2 0 0 0 0 0 0 0 0 0 0 
1 2 0 0 0 1 1 3 0 1 1 1 0 0 0 1 0 0 0 1 0 1 0 0 0 0 0 0 1 0 0 1 2 0 0 2 0 0 1 1 0 2 0 0 0 0 1 0 0 0 0 0 1 0 0 0 1 1 0 0 2 1 1 1 1 0 2 1 1 1 0 1 0 0 0 0 0 0 4 0 0 0 1 1 0 0 0 0 0 1 0 0 0 0 1 0 0 0 0 2 
0 1 0 0 0 0 0 1 1 1 0 1 0 0 0 0 0 0 0 1 1 0 0 0 0 0 0 0 0 0 0 1 0 0 1 0 0 1 0 0 0 0 0 0 0 0 1 1 1 0 0 0 0 1 0 0 0 0 0 0 0 1 0 0 1 0 0 0 0 0 1 1 1 1 0 0 1 0 0 0 0 0 0 0 0 0 1 0 0 1 0 0 1 0 0 1 0 0 0 0 
1 1 1 0 1 1 2 7 1 1 0 1 0 0 1 0 0 0 0 3 5 1 1 1 0 1 0 0 1 0 0 1 0 0 1 1 0 2 0 0 0 0 1 0 0 1 1 1 1 0 0 0 1 17 1 1 0 0 0 2 0 0 0 1 0 0 0 0 0 0 1 3 0 1 1 1 1 0 0 0 1 6 0 1 0 0 1 1 0 0 0 1 2 1 0 1 1 1 1 1 
1 0 0 0 0 1 2 0 0 0 0 0 0 0 0 0 0 0 0 0 0 0 0 0 0 0 0 0 0 0 0 0 0 0 0 1 0 0 0 0 0 5 0 1 0 0 0 0 0 0 0 0 0 0 0 0 0 0 0 0 0 0 0 0 0 0 0 0 0 0 0 0 0 0 0 0 0 0 0 1 0 0 0 0 0 0 0 0 0 0 0 0 0 0 0 0 0 0 0 0 
1 0 0 0 2 2 0 0 0 0 1 0 0 0 0 0 5 2 0 0 0 2 0 0 0 0 0 0 0 0 0 0 0 0 7 0 0 0 0 0 5 0 0 0 0 0 0 4 1 0 0 1 0 0 0 2 0 0 5 0 2 1 0 0 1 1 0 0 2 5 0 0 0 1 1 1 7 0 0 0 0 0 1 0 2 0 0 0 3 0 11 0 0 0 0 0 0 0 0 0 
3 3 2 3 2 1 0 2 2 2 0 2 0 0 2 0 0 0 0 1 2 0 3 2 0 2 0 0 0 0 0 2 0 0 2 2 0 2 0 0 0 0 2 0 0 2 2 2 2 0 0 0 2 1 2 3 0 0 0 0 0 0 0 2 0 0 0 0 0 0 2 2 0 2 0 2 2 0 0 0 2 0 0 0 0 0 2 2 0 0 0 2 2 2 1 4 0 2 2 0 
0 0 1 5 1 1 1 0 2 0 0 0 1 0 0 0 0 0 1 0 0 1 0 0 1 0 0 5 0 1 0 0 0 1 1 0 0 0 2 0 0 0 0 0 0 1 0 0 0 0 0 0 0 0 0 0 0 1 1 0 3 1 0 0 1 0 0 0 0 0 0 0 1 0 0 0 0 1 0 0 4 0 0 1 3 0 0 0 0 0 2 0 0 0 0 1 1 0 0 2 
2 1 1 0 1 0 0 1 1 2 0 1 1 0 1 0 0 0 1 0 1 1 1 1 0 1 0 0 0 0 4 4 0 0 1 1 0 1 0 0 0 0 1 0 0 1 1 1 1 0 0 1 1 0 1 1 0 0 0 0 0 0 0 1 0 0 0 0 0 1 1 1 1 1 0 1 1 0 0 0 1 0 0 0 0 0 1 1 1 0 0 1 1 1 0 1 0 1 1 0 
1 1 1 0 1 0 0 0 1 1 0 3 1 1 1 1 0 0 0 1 1 0 1 1 1 1 0 0 0 0 0 1 0 0 1 1 0 1 0 0 0 1 1 0 0 2 1 1 1 0 1 0 1 0 1 1 2 0 0 0 0 0 0 1 0 0 0 0 0 0 2 1 1 1 3 1 1 0 0 0 1 0 0 0 0 0 1 1 0 0 0 2 1 1 0 1 0 1 1 0 
1 1 1 0 1 0 0 1 1 1 0 1 0 0 1 0 0 0 0 0 1 0 1 1 1 1 0 0 0 0 0 1 0 0 1 1 0 1 0 0 0 0 1 0 0 1 1 1 1 0 0 0 1 0 1 1 0 0 0 0 0 0 0 1 0 0 0 0 0 0 1 1 0 1 0 1 1 0 0 0 1 0 0 0 0 0 1 1 0 0 0 1 1 1 0 1 0 2 1 1 
1 1 1 0 1 0 0 0 1 1 0 1 0 1 1 0 0 0 0 0 1 0 1 1 0 1 0 0 0 0 0 1 0 0 1 1 0 1 0 0 0 0 1 0 0 2 3 1 1 0 0 0 1 0 1 1 1 0 0 0 0 0 0 1 0 0 0 0 0 0 1 1 0 1 3 1 1 0 0 0 1 0 0 0 0 0 1 1 0 0 0 1 1 1 0 1 0 2 1 0 
1 1 1 0 1 0 0 0 1 1 0 1 0 0 1 0 0 0 0 3 1 0 1 1 0 1 0 0 0 0 0 1 0 0 1 1 0 1 0 0 0 0 1 0 0 1 1 1 1 0 0 0 1 1 1 1 0 0 0 0 0 0 0 2 0 0 0 3 0 0 1 1 0 1 0 1 1 0 0 2 1 0 1 0 0 0 1 1 0 1 0 1 1 1 0 1 0 1 1 0 
0 0 0 1 0 0 0 0 0 0 0 0 1 1 0 0 0 0 0 0 0 2 0 0 0 0 0 0 0 0 0 0 0 0 0 0 0 0 0 0 0 0 0 0 0 0 1 0 0 0 0 0 0 0 0 0 0 0 0 0 0 0 0 0 0 0 0 0 0 0 0 0 0 0 0 0 0 0 0 0 0 0 0 0 3 0 0 0 0 0 0 0 0 0 0 0 1 2 0 0 
1 1 1 0 1 3 0 0 1 1 0 1 0 0 1 0 0 0 0 0 1 0 1 1 0 1 0 0 0 0 0 1 0 0 1 1 0 1 0 0 0 0 1 0 0 1 3 1 1 0 0 0 1 0 1 1 0 0 0 0 0 0 0 3 0 0 0 0 0 0 1 1 0 1 0 1 1 0 0 0 1 0 0 0 0 0 1 1 0 0 0 1 1 1 0 1 3 1 1 0 
1 1 0 2 0 1 2 0 2 0 0 0 0 0 0 0 1 1 0 0 0 0 2 0 0 0 7 1 3 0 0 0 0 0 0 0 0 0 1 0 3 0 0 0 0 0 1 0 1 0 0 0 1 0 2 0 0 0 0 1 1 0 0 0 0 0 0 0 0 0 0 0 0 2 0 0 0 0 0 0 1 0 1 0 0 0 0 1 0 0 0 0 1 0 0 0 0 0 0 1 
1 1 1 0 1 0 0 0 1 1 0 2 0 0 1 0 0 0 0 0 1 0 1 1 0 1 0 0 0 0 0 1 0 0 1 1 0 1 0 0 0 1 1 0 0 1 1 1 1 0 0 0 1 0 1 1 0 0 0 0 0 0 0 1 0 0 0 0 0 1 1 1 0 1 0 1 1 0 0 0 1 0 0 0 0 1 1 1 0 0 0 1 1 1 0 1 0 1 1 0 
0 0 0 0 1 0 1 0 1 0 0 0 0 0 1 1 2 0 0 0 0 1 0 0 2 0 0 0 0 1 1 0 0 1 2 0 0 0 0 1 0 1 0 0 0 1 0 0 0 0 1 1 0 0 0 0 0 0 0 2 1 0 1 0 0 0 0 0 0 1 0 0 0 0 0 0 0 1 1 0 0 1 0 0 0 1 0 0 1 1 1 0 0 0 1 0 0 0 0 0 
0 0 0 0 1 0 1 0 1 0 0 0 0 0 1 1 2 0 0 0 0 1 0 0 2 0 0 0 0 1 1 0 0 1 1 0 0 0 0 1 0 1 0 0 0 1 0 0 0 0 1 1 0 0 0 0 0 0 0 2 1 0 1 0 0 0 0 0 0 1 0 0 0 0 0 0 0 1 1 0 0 1 0 0 0 1 0 0 1 1 1 0 0 0 1 0 0 0 0 0 
1 0 1 0 0 0 1 0 0 0 1 1 0 0 1 0 0 1 0 0 1 1 0 0 0 0 0 2 1 1 0 0 0 1 0 0 0 0 0 0 0 0 0 1 1 0 0 0 0 0 0 0 0 1 0 0 0 0 0 0 0 0 1 0 0 1 0 0 0 0 0 1 0 0 0 0 0 0 0 0 0 0 0 0 0 0 0 0 0 0 0 0 0 0 0 1 0 0 0 0 
0 0 0 1 1 1 1 1 1 1 0 0 1 0 0 0 0 0 0 0 1 1 0 1 3 1 1 1 0 0 0 0 1 1 2 1 1 0 0 1 0 2 1 0 0 0 0 0 0 0 1 1 0 3 1 0 1 1 0 0 1 0 0 0 0 1 0 0 1 1 0 0 0 0 0 0 0 1 0 0 0 1 0 3 0 1 1 0 0 1 2 0 0 0 0 1 1 0 1 2 
1 1 1 0 1 0 0 0 1 1 0 1 0 0 1 0 0 0 0 0 1 0 1 1 1 1 0 0 0 0 0 1 0 0 1 1 0 1 0 0 0 0 1 0 0 1 1 1 1 0 0 0 1 0 1 1 0 0 0 0 0 0 1 1 0 0 0 0 0 0 1 1 0 1 0 1 1 0 0 0 1 0 0 0 0 0 3 1 0 0 0 1 1 1 0 1 0 2 1 0 
1 0 0 0 0 2 1 0 0 0 0 0 3 0 0 1 0 1 2 0 0 1 0 0 2 1 0 0 0 0 1 0 0 1 0 0 1 0 1 0 1 0 0 0 1 0 0 2 0 0 0 1 0 0 0 0 0 0 0 0 0 2 2 0 2 0 0 0 0 1 0 0 2 1 0 0 1 1 0 0 0 0 0 0 0 0 0 0 1 0 0 0 1 0 2 0 0 3 0 0 
1 1 1 0 1 0 3 0 1 0 0 0 0 2 1 0 0 3 1 0 0 1 0 0 1 0 0 0 0 2 1 1 0 0 0 0 0 0 0 2 0 0 1 1 5 1 0 1 1 0 0 0 0 0 3 0 1 0 1 0 1 0 1 0 0 1 0 0 0 0 1 0 2 1 0 0 2 0 0 0 0 0 0 0 3 1 2 0 2 0 1 0 0 0 1 0 0 0 0 0 
1 1 1 0 1 2 1 0 1 1 0 1 0 0 2 0 0 0 0 0 1 0 1 1 0 1 0 0 0 0 0 1 0 0 1 1 0 1 1 0 0 0 1 0 0 1 1 1 1 0 0 0 1 0 1 1 0 0 0 0 0 0 0 1 0 1 0 0 0 0 1 1 0 1 0 1 1 0 0 0 2 0 0 0 0 0 1 1 0 0 0 1 1 1 0 1 0 1 1 0 
0 2 0 1 0 0 0 0 1 1 1 1 1 0 1 3 0 2 1 3 0 0 0 0 1 0 3 1 1 0 0 1 0 0 1 0 1 1 0 1 0 0 0 1 1 0 1 1 1 1 0 0 0 1 0 0 0 0 0 0 1 1 0 0 1 2 0 0 0 0 0 0 2 1 0 0 0 0 0 0 0 0 0 2 0 1 0 0 1 0 0 0 0 1 1 1 0 1 0 1 
1 1 1 0 1 0 0 0 1 1 0 1 0 0 1 0 0 0 0 0 1 0 1 1 0 1 0 0 0 0 0 1 0 0 1 1 0 1 0 0 0 0 1 0 0 1 1 1 1 0 0 0 1 0 1 1 0 1 0 0 0 0 0 1 0 0 0 0 0 0 1 1 0 1 0 1 1 0 0 0 1 0 0 0 0 0 1 1 0 0 0 5 1 1 0 1 0 1 1 0 
2 2 2 0 2 0 0 1 2 2 0 2 0 0 2 0 0 1 0 0 2 0 2 2 0 2 0 0 0 0 0 2 0 2 3 2 0 2 0 0 0 2 2 0 0 2 2 2 2 0 0 0 2 0 2 2 0 0 0 0 0 0 0 2 0 0 0 0 0 0 2 2 0 2 0 2 2 0 0 0 2 0 0 0 0 0 2 2 0 0 0 3 2 2 0 2 0 2 2 0 
1 0 3 1 4 0 1 2 1 0 0 0 0 1 3 0 0 2 0 1 2 0 1 2 0 1 0 0 0 0 0 0 0 0 1 1 0 2 0 0 0 0 1 0 0 2 0 0 0 0 0 0 1 0 2 1 0 0 0 0 0 1 0 4 1 2 0 0 0 0 1 1 0 0 0 2 1 0 0 0 2 0 0 0 0 0 3 2 0 0 0 1 0 2 0 1 0 2 2 0 
1 3 0 0 0 2 0 0 0 1 0 0 0 0 0 1 0 0 1 0 0 0 0 0 0 0 0 0 0 0 0 0 2 0 0 0 0 0 0 0 2 0 1 0 0 0 1 1 0 0 0 0 0 0 0 1 1 0 0 0 0 0 0 0 0 0 0 0 1 0 1 1 0 0 1 0 0 0 2 1 0 0 0 0 0 3 0 0 0 2 0 0 0 0 0 0 0 0 0 0 
1 1 2 0 2 0 0 4 1 1 0 1 0 0 2 0 0 0 0 0 1 0 1 2 0 1 0 0 0 0 0 1 1 0 1 1 0 1 0 0 0 0 1 0 0 2 1 1 1 0 0 0 1 0 2 1 0 0 0 0 0 0 0 2 0 0 0 0 0 0 2 1 0 1 0 2 1 0 0 0 2 0 0 0 0 0 1 2 0 0 0 1 1 2 0 1 0 2 2 0 
2 0 4 0 2 0 0 0 0 0 1 0 0 0 0 0 0 0 0 0 1 0 1 0 0 1 0 0 0 0 0 1 0 0 1 2 0 1 0 0 0 7 1 0 1 1 1 1 0 0 0 0 1 0 1 1 1 0 0 0 0 0 0 1 0 0 0 0 0 0 1 1 0 0 0 1 0 1 0 0 0 0 1 0 0 0 0 1 2 0 0 1 0 0 1 1 0 1 0 0 
3 0 0 1 0 0 0 1 0 0 0 0 1 0 0 0 0 0 0 2 0 1 0 0 0 1 0 1 0 0 0 0 2 1 1 0 0 0 2 0 0 1 0 0 1 0 0 1 0 0 2 0 0 0 0 0 0 1 0 1 0 3 0 1 3 0 0 0 0 1 0 1 0 0 0 0 0 0 3 0 0 1 3 0 1 0 0 0 1 0 0 0 2 1 0 1 0 0 0 0 
0 1 10 0 0 1 0 0 2 0 6 0 1 1 4 4 12 6 0 0 0 4 1 0 0 0 4 0 1 0 3 5 0 0 0 1 2 0 0 0 3 0 0 0 0 0 0 0 0 0 2 2 0 0 2 0 1 0 3 0 0 0 6 0 0 1 0 1 0 2 0 1 0 6 0 0 2 0 0 0 3 0 0 0 3 0 0 0 2 0 0 0 0 2 1 0 0 1 2 0 
0 0 0 1 0 0 3 0 3 0 5 0 0 0 1 1 4 0 2 0 2 1 0 1 0 0 1 2 0 1 0 1 0 0 2 0 3 2 1 6 0 0 0 1 0 1 0 0 1 1 0 0 0 1 1 0 0 1 4 0 3 1 0 0 1 0 3 0 0 1 0 0 0 3 0 0 1 0 0 0 0 1 0 0 0 0 1 3 0 1 0 0 0 1 15 0 1 0 0 0 
1 1 1 0 1 0 0 0 1 1 0 1 0 0 1 0 0 0 0 0 1 0 1 1 0 1 0 0 0 0 0 1 0 0 1 1 0 1 0 0 0 0 1 0 0 1 2 1 1 0 0 0 1 0 1 1 0 0 0 0 0 0 0 1 0 0 0 0 0 0 1 1 0 1 0 1 1 0 0 0 1 0 0 0 0 0 1 1 0 0 0 1 1 1 0 1 0 1 1 0 
0 0 1 1 0 0 2 0 0 0 0 0 0 1 1 0 0 1 0 0 0 1 1 0 0 0 0 0 0 2 0 0 0 0 0 2 0 0 0 0 2 0 0 1 2 1 0 0 1 1 0 0 0 0 0 0 0 0 0 0 2 0 0 0 0 0 3 0 2 1 1 0 0 1 0 0 0 2 0 1 0 1 0 1 0 0 0 0 0 0 1 0 0 0 0 1 0 1 0 0 
2 0 1 0 0 0 1 1 0 0 4 0 0 0 0 0 2 0 0 2 1 1 3 0 0 1 0 0 0 0 1 0 0 0 0 1 0 2 1 0 0 1 1 0 1 1 0 0 0 0 0 1 1 3 0 1 0 2 0 0 0 0 0 1 0 1 0 1 0 0 1 1 0 0 0 1 0 0 0 1 1 0 1 0 0 0 1 1 1 0 0 1 0 0 0 1 1 1 1 1 
0 1 1 0 0 0 0 0 0 0 0 2 1 2 0 0 0 4 0 2 0 0 0 1 0 0 1 0 1 0 0 0 0 0 0 0 0 0 0 0 1 0 0 1 0 0 0 0 0 0 1 1 0 0 0 1 3 0 0 0 0 0 1 1 0 0 1 0 1 2 0 0 1 1 1 0 0 2 0 0 3 5 0 0 0 0 0 0 1 0 0 0 0 0 1 0 1 0 0 2 
1 1 1 0 1 0 0 0 1 1 0 1 0 0 1 0 0 0 0 0 1 0 1 1 0 1 0 0 0 0 0 1 0 0 1 1 0 1 0 0 0 0 1 0 0 1 1 1 1 0 0 0 1 0 1 1 0 0 0 0 0 0 0 1 0 0 0 0 0 0 1 1 0 1 1 1 1 0 0 0 1 0 0 0 0 0 1 1 0 0 0 1 1 1 0 1 0 1 1 0 
