0.952336	2.18573	0.668095	4.265181	-0.991576	-4.29203	0.768463	-0.521147	-0.882173
3.199131	-1.544127	-0.455097	-0.263818	-1.771233	-0.79839	-0.100651	0.105262	0.029398
3.075083	-0.441309	-1.91358	4.089628	-1.227209	-3.839006	-1.299485	-0.847008	0.468063
1.46672	1.236179	-1.947506	-0.513191	0.348919	0.609989	-1.143197	0.41262	1.128697
3.306883	-0.339156	-1.961474	-1.062648	-1.973639	-0.381877	0.703741	-1.456098	-1.314205
2.281597	1.50524	-2.468138	-0.14848	0.24184	0.023264	-0.727113	-0.691266	0.188638
3.092292	-0.935762	-1.566149	2.495902	-0.10137	-3.14363	-1.375414	-1.293362	0.236301
2.854986	0.141475	-2.135483	-0.676683	-0.620106	-0.136826	0.287253	-1.085941	-1.029877
2.799083	0.176811	-2.171632	1.098571	-0.629443	-0.396157	-0.641768	-0.738597	0.528793
1.892133	0.387859	-1.68503	-0.354908	-0.789266	-0.370935	-0.591268	-0.219969	0.720116
3.234356	0.579867	-2.444264	4.097972	-0.85152	-4.323837	-0.798664	-0.48995	0.76956
3.007097	-1.386674	-0.791396	-0.897613	-2.323464	-0.665701	0.253513	-0.115111	0.315174
1.496226	1.729699	-1.776551	1.06792	1.357172	-0.604596	-1.035833	-0.846971	0.324659
0.712147	2.218733	0.507632	0.350734	1.310046	0.36585	-0.244336	0.923828	0.942066
1.284558	1.780371	-1.914616	0.140084	-0.234773	-0.22868	1.116706	0.385494	-1.478982
1.125903	1.722368	-1.581504	4.331398	-2.428377	-2.949471	-0.146301	0.45984	-1.05434
1.447606	1.724091	-1.712162	1.789768	3.127846	-3.650985	-1.826207	-1.088346	0.628175
1.553227	-0.106873	-1.641864	-0.704907	-1.517924	-0.419274	-0.688497	0.309797	0.69175
-0.090007	1.137631	1.166013	-0.716176	-0.194223	0.18454	-1.59603	-0.278939	0.851041
1.75951	1.69237	-2.457191	-0.422332	-0.34492	-0.178281	0.182725	0.119732	-1.334694
2.67807	-0.06759	-1.978483	1.240521	0.062863	-0.611125	-0.899508	-0.11315	0.567355
2.857522	0.420812	-2.317814	2.692016	0.653363	-3.444187	-1.037426	-0.708937	0.406968
-0.060115	1.755701	1.194952	-0.153059	0.661377	0.768949	-0.166367	0.730488	0.753057
2.450357	1.010337	-2.556221	2.691721	2.18965	-5.046159	-1.962386	-1.704246	0.152845
2.01543	-0.430252	-1.252265	-0.878105	-2.023968	-0.781793	-0.718639	0.134183	0.547321
-0.315915	1.493861	1.335641	4.03557	-1.610605	-3.66231	-0.916455	-2.069685	0.15239
0.02331	2.133677	1.4525	1.876343	0.594215	-0.446758	-1.037075	-1.129053	-0.872073
3.460784	0.865044	-2.692198	3.068781	-0.141843	-3.950429	-0.216087	-2.1993	-0.188232
2.064456	1.964646	-2.642109	4.268814	-2.820497	-2.781812	-1.312345	-2.33826	0.075151
2.967751	-0.003718	-2.144217	0.539787	-0.729563	-0.439581	-0.345437	-1.619408	0.258924
1.192412	1.241267	0.231871	-1.124048	-1.629892	-0.659172	-0.891386	-1.73609	0.126691
2.366613	0.576962	-2.198114	-0.48186	-0.236461	-0.11536	0.258345	-1.145836	-1.166712
2.582708	1.615286	-2.747732	-0.213224	-1.343663	-1.058596	-0.533469	-1.474361	-0.268484
0.174335	1.799481	1.190988	1.63894	1.256496	-0.820694	-0.257642	-1.471789	-1.16022
-1.497373	-0.456944	0.78535	3.710892	-1.163402	-3.338281	-0.499874	-1.214224	0.039511
-0.08048	2.115177	1.44551	2.645741	0.408777	-3.001886	-1.062359	-0.637866	0.65995
-0.983062	0.492066	1.150609	2.250681	0.994598	-3.90375	-0.480973	-0.616791	-1.177876
-0.396924	1.927146	1.594279	3.446507	0.636318	-4.509223	-0.921262	-1.292159	0.203654
-0.018399	2.188575	1.430914	1.779285	-1.362702	-0.798171	-0.620262	-1.687075	-0.096509
1.869331	2.395046	-2.604587	1.901306	-1.530329	-0.929373	-0.200579	-1.552519	-0.896907
-0.545865	1.772498	1.551291	4.041453	-0.253218	-4.649052	-0.841383	-1.653121	-0.883244
0.090903	1.221565	0.817964	-0.057067	-0.221276	-0.107929	-1.293393	-0.331655	0.804827
-0.267529	0.919511	1.014139	1.193742	-0.694841	-2.733318	1.67818	0.359904	-1.905432
0.901999	2.579481	0.289075	3.09662	-0.767831	-3.447816	-0.093823	-1.084553	-1.322024
0.002679	2.175554	1.477897	2.429699	-1.164015	-1.847896	0.42566	-1.4175	-1.252776
2.778458	0.480558	-2.271801	0.790491	-0.684411	-0.32203	-0.451662	0.636047	-1.029224
2.370421	0.290113	-2.024903	-1.209626	-1.158513	-0.068827	-0.394857	-1.069621	-0.130072
0.718678	1.334446	0.357768	0.035145	-2.026192	-0.939978	1.788175	0.305153	-1.665094
1.775454	1.135968	-1.938598	0.556834	-0.093126	-0.907606	-0.724354	0.512575	0.989626
-1.144127	-0.021867	0.868602	0.490701	1.588798	0.113431	-1.104924	0.374688	0.954281
1.248614	1.253496	-1.264638	-0.902844	-2.098818	-0.843884	0.028425	1.175028	0.672979
0.530624	1.79236	0.971509	2.84764	0.492293	-3.897804	0.031809	1.08105	-1.380908
3.270293	0.30086	-2.346133	2.384462	1.033672	-4.592834	-0.583257	-1.030375	-1.131374
-0.492958	1.433304	1.43061	0.061013	-1.082877	-2.89184	-0.737814	-1.475508	0.208884
-0.299565	-0.557606	0.319954	-0.779252	-1.171397	-0.118242	-1.663039	-0.696373	0.777096
-0.809801	0.896805	1.311631	0.989901	1.879781	-0.595851	1.793341	1.456537	-1.993245
-0.835233	0.944361	1.359043	1.683076	1.828955	-3.207973	0.106067	1.775311	0.822067
1.559013	2.13554	-2.158684	2.749867	0.771792	-4.143785	-0.354725	0.237135	0.206442
0.697594	0.280808	-1.347158	0.37804	1.469831	0.735537	-1.130671	-0.438456	0.426489
1.27571	1.148578	-2.075106	-1.057739	-0.719593	0.075752	-0.970408	-0.487656	0.046497
1.305862	0.634234	-1.000936	-0.278446	0.738508	0.343454	-1.180853	-1.216259	0.220721
-0.064975	1.658035	1.264643	0.857838	1.562378	-0.068444	-0.71205	0.854034	0.897518
3.194904	-0.063003	-1.939867	0.899785	-0.116996	-3.296006	-0.675851	-0.726348	-1.143922
2.924763	0.979177	-2.582144	0.447771	-1.492271	-3.149037	-0.191814	-1.147298	-1.006594
3.41309	-0.380151	-1.948271	3.645811	0.126728	-4.523321	-1.672558	-1.455617	0.374802
1.933829	1.240996	-2.230951	1.977761	3.395573	-4.650164	-1.718602	-0.96356	0.630277
3.265893	-1.657879	-0.50793	0.647973	-1.581117	-0.974849	0.203528	-2.082138	-0.308802
1.867368	1.117248	-2.165391	-0.203716	-1.121222	-0.484437	-0.582709	0.335017	0.833673
-1.256612	-1.026898	0.203789	0.024641	-0.022934	-0.978633	-0.041601	-0.251592	0.56624
0.683493	1.369262	0.18382	-0.316804	-0.653581	-0.022029	-0.119749	0.45094	0.733305
1.851816	-0.941501	-1.131415	0.997635	1.703546	-1.011871	-0.446607	-0.952847	0.377128
1.754989	2.27888	-2.437177	1.14434	-0.722334	-2.811713	-0.169829	-1.314327	-1.208748
1.366525	2.36654	-2.071414	4.203803	-1.814008	-3.540482	0.051241	-0.689471	-1.287429
2.461908	-0.49159	-1.604565	-0.404464	-1.603837	-0.597283	-0.055798	-0.216324	-1.252693
1.990717	1.464184	-2.385824	1.931473	1.8622	-4.212824	-0.989754	0.181588	0.827688
2.379854	0.969151	-2.34493	2.294277	2.934949	-4.750845	-1.93101	-1.309849	0.382992
1.895409	1.708245	-2.343634	4.26272	-1.900898	-3.628862	-0.590985	0.192542	0.475427
2.502206	1.518701	-2.672147	1.355418	1.467281	-0.542724	-0.815808	0.170209	-0.181369
1.837762	1.960139	-2.313232	2.098198	-1.239824	-2.777709	1.395515	-1.09745	-1.302169
0.867999	1.84218	-1.180177	1.17584	0.54055	-3.520302	0.268704	0.267462	-1.361733
3.026157	-0.414987	-1.894863	-0.066828	-1.549808	-0.818351	-0.959407	-0.882127	0.297652
2.877375	0.241204	-2.227226	-0.656459	-1.911635	-0.808557	-0.13267	-0.86886	0.131497
1.033071	1.505751	-2.026627	-0.950682	0.549792	0.812026	-0.665252	0.548822	0.571431
-0.460922	1.595394	1.486703	3.117054	1.216464	-4.624303	0.099556	1.255295	0.708259
1.209361	2.301215	-1.369329	2.230556	-0.014652	-3.550248	0.930919	0.289592	-1.151164
1.997941	0.668609	-2.054979	0.461417	0.350722	-0.05369	-0.914845	0.10245	0.884713
2.366366	1.38069	-2.522007	1.596088	0.362973	-0.06538	-0.091749	-1.072674	0.228238
2.714533	1.46801	-2.682384	0.430977	-0.160422	-0.819637	-0.206714	0.706359	0.301741
1.626074	2.287734	-2.343179	-0.060889	-0.99589	-0.487483	-1.136608	-1.448974	-0.208202
0.006453	0.660626	0.804534	0.11735	1.207568	0.76335	-1.699642	-1.085681	0.493538
1.635401	0.590274	-1.851463	-0.356157	-0.61305	-0.026087	-0.171157	-0.844584	0.148609
0.304596	0.447164	0.470246	-1.034325	-0.882522	-0.019658	-1.096442	0.957245	1.293417
-0.481907	0.288951	0.847461	-0.834972	-1.521222	-0.552254	0.296704	0.347618	-1.327811
2.511746	1.956673	-2.819592	1.269356	-0.530225	-0.785514	-0.006001	-0.748589	-1.170923
-0.149638	2.018212	1.512772	2.292257	1.282609	-4.10151	1.161576	0.413693	-1.427058
1.292407	1.609076	0.095384	-0.028534	1.902999	0.796205	-0.926523	-0.405853	0.260533
2.283421	0.609384	-2.219895	-1.090143	-1.415484	-0.214856	0.53341	-0.311153	0.613345
3.138975	-1.18421	-0.285974	-0.589127	-2.096383	-1.292175	0.138394	-0.480384	0.218933
1.257542	1.844453	-1.944237	-0.993317	-0.721165	-0.120203	0.785855	3.087137	0.59681
1.32688	0.553765	-1.286088	-0.358983	1.055797	0.379638	-0.690802	-0.982711	-0.234645

